%YAML:1.0
fx : 9.7423190862235663e+002
k1 : -3.8735583247643107e-001
k2 : 4.2235624628257162e-001
k3 : -1.0639480534054999e+000
p1 : -1.4155734856463203e-003
p2 : 2.2203499037531547e-003
